długość maski pierwotnej 15
pierwsze liczby: 0111 1101. 11111 1110

długość maski 1 podsieci 17
pierwsze liczby: 0111 1101. 11111 11100. 0
adres rozgłoszeniowy: 0111 1101. 11111 11100. 0111 1111. 1111 1111
pierwszy użyteczny: 0111 1101. 11111 11100. 0000 0000. 0000 0001
ostatni użyteczny: 0111 1101. 11111 11100. 0111 1111. 1111 1110

długość maski 1 podsieci 17
pierwsze liczby: 0111 1101. 11111 11100. 1
adres rozgłoszeniowy: 0111 1101. 11111 11100. 1111 1111. 1111 1111
pierwszy użyteczny: 0111 1101. 11111 11100. 1000 0000. 0000 0001
ostatni użyteczny: 0111 1101. 11111 11100. 1111 1111. 1111 1110

długość maski 1 podsieci 17
pierwsze liczby: 0111 1101. 11111 11101. 0
adres rozgłoszeniowy: 0111 1101. 11111 11101. 0111 1111. 1111 1111
pierwszy użyteczny: 0111 1101. 11111 11101. 0000 0000. 0000 0001
ostatni użyteczny: 0111 1101. 11111 11101. 0111 1111. 1111 1110

długość maski 1 podsieci 17
pierwsze liczby: 0111 1111. 11111 11101. 1
adres rozgłoszeniowy: 0111 1101. 11111 11101. 1111 1111. 1111 1111
pierwszy użyteczny: 0111 1101. 11111 11101. 1000 0000. 0000 0001
ostatni użyteczny: 0111 1101. 11111 11101. 1111 1111. 1111 1110

stara maska 1111 1111. 1111 1110. 0000 0000. 0000 0000
nowamaska 1111 1111. 1111 1111. 1000 0000. 0000 0000
